53.4148856456 25.1270260505 0 0.850870070084 25
143.273644062 28.0180932672 0 0.899126425664 25
85.1124149638 27.9514800197 0 0.667085868869 25
247.383238512 28.3639421468 0 0.743294441578 25
244.57692584 25.1993747581 0 0.794193547188 25
291.11136697 29.1055574784 0 0.903424034923 25
182.493014657 26.5098159178 0 0.893605288721 25
272.50458903 29.0368532713 0 0.721246732217 25
314.30165154 28.3378456481 0 0.798682827392 25
181.675245762 29.5369170391 0 0.828909921947 25
73.5046764314 26.6665525716 0 0.702062460852 25
124.569110764 27.0786896863 0 0.934393309518 25
320.446702213 25.5733484989 0 0.753609249579 25
3.92074527833 28.1978808552 0 0.894365080218 25
50.8758203847 27.3605273948 0 0.938366585857 25
355.068852163 27.7909587322 0 0.804541148674 25
287.179371263 27.2740450002 0 0.872237713407 25
199.448626239 26.6753895394 0 0.66276927858 25
317.23220414 25.5358004294 0 0.889966934007 25
69.2950421657 28.079733059 0 0.73048324288 25
217.871354708 26.7145969552 0 0.831260061849 25
293.555160703 26.8555855843 0 0.837581798871 25
137.306814863 28.901418334 0 0.739500866469 25
166.50918954 29.4857061903 0 0.8627209493 25
